# Apple ModelIO OBJ File: tinker
mtllib tinker.mtl
g 
v 2.741 -21 9.827
v 2.497 -21 9.957
v 1.881 -21 9.892
v 2.981 -21 9.612
v 1.519 -21 9.612
v 3.214 -21 9.315
v 2.25 -21 10
v 3.848 -21 7.957
v 3.649 -21 8.483
v 0.652 -21 7.957
v -5.961 14.455 5.5
v -7.991 13.123 4.804
v -7.535 12.697 5.5
v 3.437 -21 8.937
v 1.286 -21 9.315
v 1.063 -21 8.937
v 0.851 -21 8.483
v 4.031 -21 7.364
v 0.469 -21 7.364
v 4.197 -21 6.71
v 0.469 -10.75 7.657
v 0.496 -11.979 7.657
v 0.656 -11.867 8.128
v 8.954 -5.396 7.364
v 9.513 -6.14 6.785
v 10.906 -4.585 6.785
v 0.156 -21 6
v 0.029 -21 5.243
v 4.344 -21 6
v 0.303 -21 6.71
v 4.471 -21 5.243
v 10.016 -6.81 6.162
v 11.506 -5.147 6.162
v 4.66 -21 3.613
v 4.768 -21 0
v 4.768 -21 2
v 4.751 -21 2
v -0.268 -21 0
v 0.631 -10.75 8.128
v -0.22 -21 2.756
v -0.077 -21 4.444
v -0.16 -21 3.613
v 7.9 -7.402 6.785
v 8.291 -8.159 6.162
v -0.251 -21 2
v -0.268 -21 2
v 9.18 6.344 8.794
v 10.582 5.168 8.372
v 10.2 6.758 8.372
v -1.317 -7.419 7.364
v 0.439 -7.945 7.364
v 0.604 -6.901 7.894
v 4.751 -12.587 2
v -0.268 -6.601 0
v 4.768 -6.601 0
v 0.688 -7.383 7.657
v -0.993 -0.789 9.457
v -0.867 -2.502 9.157
v 0.525 -1.768 9.457
v -4.434 16.456 4.804
v -6.659 15.385 4.078
v -6.343 14.964 4.804
v -2.491 -2.783 8.794
v -1.437 -3.606 8.794
v 9.513 17.576 2.563
v 7.123 18.479 3.329
v 9.374 17.307 3.329
v 10.461 -7.402 5.5
v 12.035 -5.643 5.5
v 7.218 18.771 2.563
v 0.118 -3.015 9.157
v 9.597 17.739 1.784
v -0.272 -4.213 8.794
v -2.525 -0.948 9.157
v -1.757 -1.806 9.157
v 10.843 -7.91 4.804
v 8.637 -8.828 5.5
v 6.991 18.073 4.078
v 9.18 16.933 4.078
v -3.4 -1.768 8.794
v -3.188 -3.711 8.372
v -1.98 -4.656 8.372
v 1.469 -11.879 9.548
v 1.441 -11.92 9.518
v 1.417 -11.977 9.481
v 16.058 -2.086 1.784
v 14.83 -4.585 2.563
v 14.975 -4.679 1.784
v 16.11 -2.107 1
v 0.991 -6.553 8.056
v 6.382 16.207 6.162
v 6.619 16.933 5.5
v 4.348 16.816 6.162
v 1.067 -6.389 8.128
v 1.01 -6.616 8.128
v 14.254 -4.213 4.078
v 15.275 -1.768 4.078
v 13.827 -3.938 4.804
v 6.822 17.556 4.804
v 8.934 16.456 4.804
v -3.148 0.046 9.157
v -4.137 -0.592 8.794
v 0.848 -7.534 8.128
v 1.143 -7.061 8.553
v 0.522 -7.973 7.352
v 4.468 17.576 5.5
v -4.231 -2.547 8.372
v -5.077 -1.197 8.372
v 4.571 18.23 4.804
v 15.638 -1.915 3.329
v 15.9 -2.022 2.563
v 14.589 -4.429 3.329
v 2.25 17.021 6.162
v 12.868 -6.424 4.078
v 0.656 -9.633 8.128
v 13.164 -6.701 3.329
v 13.377 -6.901 2.563
v 15.024 -4.71 1
v -9.049 14.116 1
v 1.202 -11.484 9.25
v 1.287 -11.984 9.316
v 8.934 -9.403 4.804
v 0.851 -12.534 8.483
v 0.828 -11.747 8.553
v 0.35 -12.081 7.142
v 0.463 -12.882 7.341
v 1.248 -12.167 9.25
v 2.25 17.793 5.5
v 2.25 18.457 4.804
v 4.657 18.771 4.078
v 2.25 19.006 4.078
v 6.619 -9.879 5.5
v 2.25 16.146 6.785
v 1.01 -11.619 8.928
v 0.032 17.576 5.5
v 0.152 16.816 6.162
v -0.644 -5.352 8.372
v 6.991 -11.019 4.078
v 9.374 -10.253 3.329
v 9.18 -9.879 4.078
v 0.991 -10.75 8.928
v 4.768 -6.601 1
v 0.805 -10.75 8.553
v 13.506 -7.022 1.784
v 13.549 -7.062 1
v -5.961 -1.768 7.894
v -6.783 -2.297 7.364
v -5.013 -3.279 7.894
v 11.159 -8.331 4.078
v -4.137 15.882 5.5
v -7.551 -0.457 7.364
v -5.74 -3.961 7.364
v -7.535 -2.783 6.785
v -6.406 -4.585 6.785
v 11.587 -8.901 2.563
v 11.695 -9.044 1.784
v 11.408 -8.662 3.329
v 9.513 -10.523 2.563
v 4.724 19.197 3.329
v 4.772 19.503 2.563
v 9.513 4.957 8.794
v 0.321 -10.75 7.142
v 0.219 -12.173 6.589
v 0.187 -10.75 6.589
v 3.442 -12.339 8.928
v 3.616 -12.578 8.553
v 3.672 -11.747 8.553
v 7.025 -0.948 9.157
v 6.257 -1.806 9.157
v 7.9 -1.768 8.794
v 7.276 18.948 1.784
v 9.625 17.793 1
v 5.133 -1.071 9.457
v 6.822 -10.503 4.804
v 7.295 19.006 1
v 4.802 19.688 1.784
v 4.811 19.75 1
v 2.25 19.937 1.784
v 8.389 4.736 9.157
v 9.625 3.527 8.794
v 2.25 19.75 2.563
v 6.367 0.308 9.457
v 7.123 -11.426 3.329
v 6.991 -2.783 8.794
v -6.659 -0.095 7.894
v 8.731 -2.547 8.372
v 7.688 -3.711 8.372
v -0.311 19.75 1
v 2.25 20 1
v 5.367 -2.502 9.157
v 2.25 19.439 3.329
v -6.783 9.351 7.364
v -5.74 11.014 7.364
v -7.535 9.836 6.785
v 10.71 3.527 8.372
v 5.938 -3.606 8.794
v 4.382 -3.015 9.157
v 11.159 7.148 7.894
v 9.577 8.251 8.372
v -6.406 11.638 6.785
v 6.48 -4.656 8.372
v 8.637 7.645 8.794
v -7.551 7.511 7.364
v -5.961 8.821 7.894
v 1.919 -0.705 9.693
v 2.25 -2.107 9.457
v 3.551 -1.895 9.457
v 2.913 -0.672 9.693
v -0.272 19.503 2.563
v 3.556 -0.48 9.693
v 11.731 3.527 7.894
v 10.582 1.886 8.372
v -5.013 10.333 7.894
v -3.844 11.638 7.894
v 11.731 -9.092 1
v 9.625 -10.74 1
v 9.597 -10.685 1.784
v 16.555 6.344 2.563
v 16.944 3.527 1.784
v 16.721 6.377 1.784
v -2.491 -5.643 7.894
v -3.844 -4.585 7.894
v 16.776 6.387 1
v 17 3.527 1
v -4.454 -5.396 7.364
v -2.965 -6.561 7.364
v 16.721 0.677 1.784
v 16.776 0.666 1
v -5.013 13.194 6.785
v -7.006 12.201 6.162
v 0.643 -0.323 9.693
v -5.013 -6.14 6.785
v -3.4 -7.402 6.785
v 16.555 0.71 2.563
v 16.281 0.764 3.329
v 16.776 3.527 2.563
v -5.077 8.251 8.372
v -4.231 9.6 8.372
v 3.332 -3.329 9.157
v 2.25 -3.435 9.157
v -0.993 -6.424 7.894
v 2.91 -8.554 9.519
v 3.214 -8.554 9.315
v 3.175 -8.554 9.226
v 3.437 -8.554 8.937
v 3.314 -8.554 9.021
v 3.207 -8.554 9.182
v 1.168 -3.329 9.157
v 8.484 3.527 9.157
v 0.102 -12.255 6
v 0.069 -10.75 6
v 16.497 3.527 3.329
v -0.032 -10.75 5.381
v 11.731 16.146 1
v -7.231 16.146 1
v 13.549 14.116 1
v 9.513 2.096 8.794
v 10.461 8.821 7.894
v 8.731 9.6 8.372
v 0.087 -9.939 5.999
v 8.389 2.318 9.157
v 8.108 1.146 9.157
v 4.772 -4.213 8.794
v 5.144 -5.352 8.372
v 12.035 12.697 5.5
v 12.491 13.123 4.804
v 10.461 14.455 5.5
v 6.991 -5.643 7.894
v 8.344 -4.585 7.894
v 8.637 -0.592 8.794
v 10.2 0.295 8.372
v 9.18 0.71 8.794
v 3.719 -5.778 8.372
v 5.493 -6.424 7.894
v 3.531 -4.585 8.794
v 8.291 15.213 6.162
v 8.637 15.882 5.5
v -7.006 -5.147 6.162
v 2.25 -4.71 8.794
v -5.516 -6.81 6.162
v -3.791 -8.159 6.162
v 10.906 11.638 6.785
v 9.513 13.194 6.785
v 8.954 12.45 7.364
v -5.013 17.576 2.563
v -7.195 16.098 1.784
v -7.087 15.954 2.563
v 2.994 -5.632 8.448
v 7.465 13.614 7.364
v 3.598 -8.554 8.513
v 3.376 -8.554 8.928
v 3.649 -8.554 8.483
v -7.535 -5.643 5.5
v 3.278 -6.082 8.263
v 10.843 14.964 4.804
v 2.741 -5.354 8.553
v 3.769 -8.554 8.134
v -8.812 -3.606 5.5
v 2.469 -5.823 8.928
v 2.744 -5.357 8.553
v 2.496 -5.211 8.611
v 4.222 -13.057 6.589
v 4.197 -12.981 6.71
v 1.063 -12.318 8.937
v 10.016 13.864 6.162
v 0.898 -12.559 8.583
v 12.868 7.843 6.785
v 13.377 5.718 6.785
v 14.149 5.87 6.162
v 1.059 -12.339 8.928
v 2.972 -5.78 8.553
v 2.681 -6.049 8.928
v 13.604 8.142 6.162
v 14.83 6.004 5.5
v 3.178 -6.353 8.553
v 2.25 -5.747 8.928
v 13.313 10.66 5.5
v 13.827 10.992 4.804
v -5.961 -7.402 5.5
v 2.25 -5.17 8.634
v 15.415 6.119 4.804
v 14.254 8.406 5.5
v -7.991 -6.07 4.804
v 14.254 11.267 4.078
v -6.343 -7.91 4.804
v 11.506 12.201 6.162
v 12.714 10.274 6.162
v 15.024 3.527 5.5
v -12.276 0.666 1
v -12.5 3.527 1
v -0.268 -6.601 1
v 2.25 -6.521 9.25
v 2.435 -6.586 9.25
v 14.812 8.633 4.804
v 11.587 5.365 7.894
v 12.035 9.836 6.785
v 12.051 7.511 7.364
v 12.521 5.549 7.364
v -8.368 -0.789 6.785
v -9.104 -1.088 6.162
v 2.004 -5.211 8.611
v -4.874 17.307 3.329
v 10.24 11.014 7.364
v 11.283 9.351 7.364
v 0.969 -4.585 8.794
v -8.214 -3.22 6.162
v -5.097 17.739 1.784
v 3.442 -9.161 8.928
v 3.437 -9.183 8.937
v 2.031 -5.823 8.928
v 13.549 3.527 6.785
v 14.333 3.527 6.162
v 12.68 3.527 7.364
v -6.908 15.716 3.329
v 1.819 -6.049 8.928
v 1.756 -5.357 8.553
v 1.528 -5.78 8.553
v 1.62 -6.417 8.928
v 1.584 -11.713 9.67
v 1.759 -5.354 8.553
v 3.602 -8.941 8.583
v -9.754 -1.352 5.5
v -8.214 10.274 6.162
v -8.812 10.66 5.5
v -10.312 -1.579 4.804
v -9.327 -3.938 4.804
v -9.327 10.992 4.804
v 13.377 1.335 6.785
v 9.513 10.333 7.894
v 12.521 1.504 7.364
v 8.344 11.638 7.894
v -9.104 8.142 6.162
v -10.312 8.633 4.804
v -9.754 8.406 5.5
v 14.149 1.184 6.162
v 1.506 -5.631 8.448
v -9.754 -4.213 4.078
v 15.618 3.527 4.804
v 14.83 1.049 5.5
v 1.252 -6.023 8.289
v 1.322 -6.353 8.553
v 0.781 -5.778 8.372
v 14.589 11.483 3.329
v 14.83 11.638 2.563
v 13.164 13.755 3.329
v 13.377 13.955 2.563
v 11.408 15.716 3.329
v -10.33 11.638 2.563
v -8.664 13.755 3.329
v -8.877 13.955 2.563
v 2.91 -8.55 9.518
v 13.506 14.075 1.784
v 15.024 11.763 1
v -8.368 13.477 4.078
v -10.775 -1.768 4.078
v 2.693 -8.554 9.67
v 2.576 -8.507 9.727
v 12.868 13.477 4.078
v 2.981 -8.554 9.612
v -10.524 -4.71 1
v -11.61 -2.107 1
v -9.006 14.075 1.784
v -10.524 11.763 1
v 2.741 -8.554 9.827
v -11.781 0.764 3.329
v -11.138 -1.915 3.329
v 3.433 -6.388 8.128
v 11.587 15.954 2.563
v -11.558 -2.086 1.784
v 11.695 16.098 1.784
v 2.681 -7.786 9.518
v 2.4 -7.38 9.518
v 4.614 -12.896 4.071
v -10.089 11.483 3.329
v 11.159 15.385 4.078
v -10.089 -4.429 3.329
v -8.368 -6.424 4.078
v 2.362 -8.554 9.788
v 2.462 -8.554 9.769
v 3.357 -7.061 8.553
v 3.49 -6.616 8.128
v 2.082 -8.258 9.727
v 2.169 -8.554 9.792
v -11.4 -2.022 2.563
v 3.059 -6.917 8.928
v -9.754 11.267 4.078
v 2.25 -8.554 10
v 2.88 -6.417 8.928
v -6.659 -8.331 4.078
v -2.795 19.006 1
v -8.664 -6.701 3.329
v -10.33 -4.585 2.563
v 15.9 9.075 2.563
v 15.275 8.821 4.078
v 15.638 8.969 3.329
v 15.415 0.934 4.804
v 2.782 -7.088 9.25
v 2.614 -6.776 9.25
v -8.877 -6.901 2.563
v 3.252 -9.333 9.25
v 3.298 -10.016 9.25
v 3.49 -9.881 8.928
v 3.672 -9.753 8.553
v -11.138 8.969 3.329
v -10.775 8.821 4.078
v -10.475 -4.679 1.784
v -9.006 -7.022 1.784
v -11.4 9.075 2.563
v 2.934 -7.511 9.25
v 14.975 11.732 1.784
v 16.058 9.14 1.784
v 16.11 9.161 1
v -9.049 -7.062 1
v 3.16 -9.513 9.384
v 2.065 -6.586 9.25
v -1.614 -8.331 6.785
v 4.498 -12.325 5.381
v 4.448 -13.066 5.381
v 4.486 -13 5.126
v 4.281 -12.173 6.589
v 4.398 -12.255 6
v 3.215 -7.534 8.928
v 3.501 -7.88 8.553
v 14.254 -1.352 5.5
v -12.055 6.344 2.563
v 13.604 -1.088 6.162
v -10.475 11.732 1.784
v 4.577 -12.883 4.444
v 4.581 -12.383 4.736
v 3.652 -7.534 8.128
v 2.25 12.975 8.372
v 2.25 11.763 8.794
v 3.719 12.832 8.372
v 3.531 11.638 8.794
v 3.771 -8.55 8.128
v -11.61 9.161 1
v -11.558 9.14 1.784
v 16.11 3.527 4.078
v -1.882 -9.153 6.162
v 0.197 -9.312 6.482
v 11.587 1.688 7.894
v 4.344 -13.056 6
v 11.159 -0.095 7.894
v 2.307 -8.18 9.727
v 3.065 -8.032 9.25
v 3.844 -9.633 8.128
v 0.969 11.638 8.794
v 0.781 12.832 8.372
v 3.045 -9.578 9.53
v 2.741 -10.237 9.827
v 2.981 -9.858 9.612
v 3.059 -9.58 9.518
v 3.996 -12.887 7.478
v 4.004 -11.979 7.657
v 3.848 -12.715 7.957
v 3.098 -10.156 9.518
v 0.446 5.542 9.863
v -0.674 6.267 9.693
v -1.337 4.985 9.693
v -1.538 3.897 9.693
v -0.063 4.731 9.863
v 2.892 -10.3 9.727
v -2.305 5.899 9.457
v -2.525 8.002 9.157
v -3.148 7.008 9.157
v -1.757 8.86 9.157
v 3.783 -12.773 8.128
v -3.608 5.908 9.157
v 5.144 12.406 8.372
v 2.56 -10.301 9.923
v -3.889 4.736 9.157
v 4.772 11.267 8.794
v 6.382 -9.153 6.162
v 6.115 -8.331 6.785
v 4.271 -9.167 6.589
v 15.9 6.215 4.078
v 1.886 -6.776 9.25
v 1.718 -7.088 9.25
v 16.281 6.29 3.329
v 1.441 -6.917 8.928
v -2.119 -9.879 5.5
v -0.029 -10.622 5.381
v 0.733 -12.745 8.169
v 0.578 -12.879 7.717
v -0.05 -10.75 5.244
v -2.322 -10.503 4.804
v -4.137 7.645 8.794
v -4.68 6.344 8.794
v 6.48 11.709 8.372
v 5.938 10.66 8.794
v 4.382 10.069 9.157
v -5.013 4.957 8.794
v 6.991 9.836 8.794
v 7.9 8.821 8.794
v -5.125 3.527 8.794
v -6.082 5.168 8.372
v 15.9 0.839 4.078
v -2.491 -11.019 4.078
v -0.098 -11.164 4.808
v -0.106 -11.221 4.734
v -6.21 3.527 8.372
v -5.7 6.758 8.372
v 1.758 -7.957 9.518
v 1.955 -7.534 9.518
v 1.566 -7.511 9.25
v 1.285 -7.534 8.928
v -2.757 4.016 9.457
v 1.585 -8.554 9.513
v 1.435 -8.032 9.25
v 1.343 -8.554 9.25
v 7.688 10.765 8.372
v -3.984 3.527 9.157
v 1.907 -8.554 9.727
v -0.215 2.789 9.863
v -1.51 2.786 9.693
v 1.286 -8.554 9.315
v 1.519 -8.554 9.612
v 1.759 -8.554 9.827
v 2.003 -8.554 9.957
v -3.889 2.318 9.157
v 6.257 8.86 9.157
v -3.608 1.146 9.157
v 5.367 9.556 9.157
v -1.867 0.308 9.457
v 0.999 -7.88 8.553
v -1.056 1.395 9.693
v 1.159 -8.249 8.928
v 5.133 8.124 9.457
v 0.16 1.892 9.863
v 1.459 -9.588 9.536
v 1.519 -9.858 9.612
v 1.34 -9.513 9.383
v -0.204 0.261 9.693
v 1.08 1.016 9.863
v 1.293 -8.554 9.182
v 3.975 8.821 9.457
v 9.513 -3.279 7.894
v 1.124 -8.554 8.928
v 4.15 -9.419 7.142
v 4.281 -9.327 6.589
v 4.312 -9.369 6.441
v 2.25 10.489 9.157
v 7.465 -6.561 7.364
v 4.374 -9.74 6.172
v 1.063 -8.554 8.937
v -4.68 0.71 8.794
v 3.332 10.383 9.157
v 7.025 8.002 9.157
v 7.649 7.008 9.157
v 0.278 -13.057 6.589
v 0.315 -12.985 6.756
v 5.817 -7.419 7.364
v -5.013 2.096 8.794
v 0.413 -13.009 7.142
v -4.137 -8.828 5.5
v 8.108 5.908 9.157
v -4.434 -9.403 4.804
v -6.082 1.886 8.372
v -5.7 0.295 8.372
v 7.105 4.98 9.457
v 5.556 5.659 9.693
v 5.924 4.626 9.693
v -4.68 -9.879 4.078
v 3.896 -6.901 7.894
v -7.087 1.688 7.894
v 1.168 10.383 9.157
v 4.34 5.161 9.863
v 4.704 6.793 9.693
v 4.715 4.264 9.863
v 4.313 -10.75 6.589
v -0.08 -12.383 4.736
v 0.002 -12.325 5.381
v -6.659 7.148 7.894
v -7.087 5.365 7.894
v -8.021 5.549 7.364
v -8.18 3.527 7.364
v 0.118 10.069 9.157
v 1.374 9.075 9.457
v 4.061 -7.945 7.364
v 3.812 -7.383 7.657
v 3.556 7.533 9.693
v 2.911 6.279 9.863
v 2.25 7.79 9.693
v 3.714 5.861 9.863
v -9.049 3.527 6.785
v -7.231 3.527 7.894
v 1.171 6.11 9.863
v 0.341 7.219 9.693
v 3.595 -6.792 7.952
v 4.227 -8.993 6.718
v 4.212 -8.901 6.785
v 0.156 -13.056 6
v -8.021 1.504 7.364
v -8.877 1.335 6.785
v 3.963 -7.923 7.38
v 4.212 15.954 6.785
v 6.115 15.385 6.785
v 4.075 -8.316 7.142
v 3.923 -8.33 7.657
v 7.9 14.455 6.785
v 3.773 -7.257 7.722
v 4.413 -9.938 6
v 0.041 -13.032 5.312
v -8.368 7.843 6.785
v 6.991 12.697 7.894
v 2.973 4.681 9.966
v -8.877 5.718 6.785
v 5.817 14.473 7.364
v 1.919 4.908 9.966
v 4.179 -10.75 7.142
v -10.915 6.119 4.804
v 1.063 -9.182 8.937
v -10.33 6.004 5.5
v -9.649 5.87 6.162
v 4.15 -12.081 7.142
v 1.059 -9.161 8.928
v 4.109 -13.004 7.056
v 2.25 3.527 10
v 0.92 -8.554 8.553
v 0.731 -8.554 8.134
v 0.729 -8.55 8.128
v 0.444 -8.24 7.188
v 5.493 13.477 7.894
v 4.501 -10.471 5.534
v 0.851 -8.554 8.483
v 7.218 -11.718 2.563
v -0.071 -12.901 4.484
v -10.524 3.527 5.5
v -9.833 3.527 6.162
v 3.463 3.1 9.966
v -11.118 3.527 4.804
v -0.145 -12.428 4.071
v -0.038 -13.013 4.736
v 0.848 -8.961 8.476
v 0.884 -8.922 8.553
v 7.276 -11.894 1.784
v -10.33 1.049 5.5
v -9.649 1.184 6.162
v 4.431 -10.75 6
v 4.529 -10.621 5.381
v 4.532 -10.75 5.381
v 1.248 -9.333 9.25
v 1.202 -10.016 9.25
v 1.441 -9.58 9.518
v -10.915 0.934 4.804
v 4.606 -11.219 4.736
v 4.598 -11.168 4.804
v 0.288 15.954 6.785
v 1.753 -10.21 9.821
v 1.925 -10.254 9.916
v 7.295 3.527 9.457
v 3.896 13.955 7.894
v 4.061 14.998 7.364
v 4.645 -12.428 4.071
v 4.661 -11.721 4.071
v 2.25 14.116 7.894
v 2.25 15.175 7.364
v -12.221 6.377 1.784
v 1.666 -9.845 9.744
v -12.276 6.387 1
v -11.4 6.215 4.078
v -11.781 6.29 3.329
v -11.997 3.527 3.329
v 0.439 14.998 7.364
v 6.039 3.157 9.693
v 7.105 2.074 9.457
v 0.604 13.955 7.894
v -1.317 14.473 7.364
v 4.724 -12.143 3.329
v 4.772 -12.45 2.563
v -12.444 3.527 1.784
v -12.276 3.527 2.563
v -11.61 3.527 4.078
v 1.01 -9.881 8.928
v 4.66 -11.717 4.078
v 4.715 2.789 9.863
v -4.874 -10.253 3.329
v -2.623 -11.426 3.329
v -0.161 -11.719 4.075
v -11.4 0.839 4.078
v -2.718 -11.718 2.563
v -0.224 -12.143 3.329
v 7.649 0.046 9.157
v -0.168 -11.785 3.959
v 4.668 -11.785 3.959
v -0.2 -12.111 3.389
v -12.055 0.71 2.563
v 4.7 -12.111 3.389
v 5.556 1.395 9.693
v 4.692 -12.461 3.389
v 4.703 -12.157 3.3
v -0.202 -12.147 3.326
v -12.221 0.677 1.784
v 4.34 1.892 9.863
v 4.723 -12.404 2.686
v 4.704 0.261 9.693
v -5.097 -10.685 1.784
v -2.776 -11.894 1.784
v -5.125 -10.74 1
v -2.795 -11.953 1
v 0.984 3.277 9.966
v 9.577 -1.197 8.372
v 7.295 -11.953 1
v 4.811 -12.696 1
v 10.461 -1.768 7.894
v -6.908 -8.662 3.329
v 2.69 2.178 9.966
v 1.345 2.515 9.966
v 12.035 -2.783 6.785
v 12.868 -0.789 6.785
v 11.283 -2.297 7.364
v 3.815 -8.756 8.042
v 12.051 -0.457 7.364
v 2.028 0.688 9.863
v 3.848 -8.554 7.957
v 3.924 -8.554 7.697
v 3.771 -8.554 8.128
v -5.013 -10.523 2.563
v 3.985 -8.607 7.511
v 13.313 -3.606 5.5
v 12.714 -3.22 6.162
v -7.087 -8.901 2.563
v 4.66 -12.703 3.613
v 3.714 1.192 9.863
v 14.812 -1.579 4.804
v 4.675 -12.709 3.389
v -7.231 -9.092 1
v -7.195 -9.044 1.784
v 4.594 -12.889 4.27
v -0.071 18.23 4.804
v 4.716 -12.477 2.814
v -0.272 -12.45 2.563
v 4.062 -8.554 7.24
v 10.24 -3.961 7.364
v 0.828 -9.753 8.553
v -0.114 -12.896 4.071
v 4.031 -8.554 7.364
v 4.722 -12.402 2.697
v -0.168 -12.706 3.501
v 3.298 -11.484 9.25
v 3.509 -10.75 8.928
v 4.004 -9.521 7.657
v 4.728 -12.454 2.563
v 4.768 -12.586 2
v 3.695 -10.75 8.553
v 4.802 -12.635 1.784
v -0.302 -12.635 1.784
v -0.228 -12.454 2.563
v -0.268 -12.586 2
v -0.157 18.771 4.078
v 12.491 -6.07 4.804
v -0.192 -12.461 3.389
v -0.216 -12.477 2.814
v -2.119 16.933 5.5
v -2.322 17.556 4.804
v -1.882 16.207 6.162
v 4.768 -12.7 1
v 4.768 -12.638 1.784
v 0.728 -8.554 8.127
v 0.652 -8.554 7.957
v 0.717 -8.727 8.128
v 0.652 -8.785 7.957
v -4.68 16.933 4.078
v -0.268 -12.638 1.784
v -0.311 -12.696 1
v -0.224 19.197 3.329
v 2.681 -11.052 9.878
v -0.268 -12.7 1
v -2.718 18.771 2.563
v -0.251 -12.587 2
v 2.25 -10.75 10
v 2.461 -10.525 9.97
v -2.491 18.073 4.078
v -2.623 18.479 3.329
v 3.252 -12.167 9.25
v 3.16 -11.987 9.383
v 2.496 -11.025 9.954
v -5.125 17.793 1
v -0.302 19.688 1.784
v -2.776 18.948 1.784
v 2.078 -11.288 9.97
v 1.886 -11.322 9.895
v 1.759 -11.263 9.827
v 3.098 -11.344 9.518
v 3.49 -11.619 8.928
v 3.652 -12.539 8.476
v 1.519 -11.642 9.612
v 3.437 -12.318 8.937
v 0.577 -8.33 7.657
v 3.059 -11.92 9.518
v 0.562 -8.554 7.657
v 0.469 -8.554 7.364
v -0.644 12.406 8.372
v -0.272 11.267 8.794
v -1.98 11.709 8.372
v -1.437 10.66 8.794
v 0.504 -8.613 7.478
v 0.438 -8.554 7.24
v -3.188 10.765 8.372
v 3.041 -11.912 9.536
v -0.867 9.556 9.157
v -2.491 9.836 8.794
v 2.933 -11.679 9.655
v -3.4 8.821 8.794
v 2.815 -11.591 9.761
v 2.747 -11.29 9.821
v 0.288 -8.901 6.785
v 2.422 -11.288 9.97
v 0.496 -9.521 7.657
v 0.35 -9.419 7.142
v -1.614 15.385 6.785
v -3.791 15.213 6.162
v -3.4 14.455 6.785
v 1.819 -10.448 9.878
v -0.993 13.477 7.894
v 0.219 -9.327 6.589
v 2.031 -10.378 9.961
v 0.125 -9.747 6.167
v -2.965 13.614 7.364
v -2.491 12.697 7.894
v 0.273 -8.993 6.718
v 0.297 -8.9 6.786
v 1.608 -11.2 9.727
v -5.516 13.864 6.162
v -4.454 12.45 7.364
v 1.186 -10.75 9.25
v 1.389 -10.75 9.518
v 3.844 -11.867 8.128
v 3.869 -10.75 8.128
v 4.031 -10.75 7.657
usemtl material_1
f 1 2 3
f 4 1 5
f 6 4 5
f 7 3 2
f 8 9 10
f 11 12 13
f 5 1 3
f 14 6 15
f 16 14 15
f 17 10 9
f 5 15 6
f 18 19 20
f 21 22 23
f 24 25 26
f 27 28 29
f 30 27 29
f 30 29 20
f 16 17 9
f 14 16 9
f 8 19 18
f 19 8 10
f 30 20 19
f 31 29 28
f 25 32 33
f 31 28 34
f 35 36 37
f 35 37 38
f 39 21 23
f 37 34 40
f 41 34 28
f 42 34 41
f 40 34 42
f 32 43 44
f 40 45 37
f 38 37 45
f 46 38 45
f 47 48 49
f 32 25 43
f 50 51 52
f 53 37 36
f 54 55 38
f 55 35 38
f 51 56 52
f 57 58 59
f 60 61 62
f 58 63 64
f 65 66 67
f 32 68 69
f 65 70 66
f 71 58 64
f 65 72 70
f 64 73 71
f 33 32 69
f 68 32 44
f 74 75 57
f 75 58 57
f 76 68 77
f 44 77 68
f 78 79 67
f 80 75 74
f 81 82 64
f 83 84 85
f 63 81 64
f 86 87 88
f 75 63 58
f 86 88 89
f 75 80 63
f 52 56 90
f 91 92 93
f 94 90 95
f 82 73 64
f 96 97 98
f 99 92 100
f 99 79 78
f 74 101 102
f 95 103 104
f 100 79 99
f 102 80 74
f 56 51 105
f 92 106 93
f 92 99 106
f 107 80 108
f 109 106 99
f 110 97 96
f 111 110 112
f 102 108 80
f 87 86 111
f 95 90 56
f 63 107 81
f 113 93 106
f 95 56 103
f 114 112 96
f 115 21 39
f 116 117 87
f 89 118 119
f 84 120 121
f 76 77 122
f 121 85 84
f 123 124 23
f 22 125 126
f 87 112 116
f 120 127 121
f 116 112 114
f 109 128 106
f 128 109 129
f 129 130 131
f 128 113 106
f 124 39 23
f 109 130 129
f 132 122 77
f 113 133 93
f 63 80 107
f 134 127 120
f 110 96 112
f 113 128 135
f 111 112 87
f 135 136 113
f 133 113 136
f 137 73 82
f 138 139 140
f 120 141 134
f 89 88 118
f 142 119 118
f 134 143 124
f 143 39 124
f 88 144 118
f 67 66 78
f 144 145 118
f 78 109 99
f 117 144 88
f 146 147 148
f 149 114 76
f 62 150 60
f 151 147 146
f 117 88 87
f 152 148 147
f 150 62 11
f 153 154 152
f 144 155 156
f 155 117 157
f 145 142 118
f 153 152 147
f 157 139 155
f 139 158 155
f 156 145 144
f 149 157 116
f 149 140 157
f 114 149 116
f 78 66 130
f 146 107 108
f 159 130 66
f 157 140 139
f 159 70 160
f 117 155 144
f 66 70 159
f 161 48 47
f 157 117 116
f 109 78 130
f 22 21 162
f 162 125 22
f 159 131 130
f 155 158 156
f 163 125 164
f 162 164 125
f 165 166 167
f 168 169 170
f 122 140 149
f 171 72 172
f 76 122 149
f 70 72 171
f 168 173 169
f 174 138 140
f 171 172 175
f 81 107 148
f 176 177 178
f 148 107 146
f 161 179 180
f 178 181 176
f 181 160 176
f 160 171 176
f 70 171 160
f 173 168 182
f 139 183 158
f 171 175 176
f 169 184 170
f 176 175 177
f 185 146 108
f 186 170 184
f 187 186 184
f 175 188 177
f 177 189 178
f 173 190 169
f 160 191 159
f 190 184 169
f 131 159 191
f 191 160 181
f 192 193 194
f 195 48 161
f 146 185 151
f 196 190 197
f 198 199 49
f 196 184 190
f 193 200 194
f 187 196 201
f 196 187 184
f 202 47 49
f 202 49 199
f 203 204 192
f 205 206 207
f 207 208 205
f 209 191 181
f 207 210 208
f 211 195 212
f 193 213 214
f 142 215 216
f 145 215 142
f 145 156 215
f 217 216 215
f 218 219 220
f 221 82 222
f 173 210 207
f 223 220 224
f 222 225 221
f 156 217 215
f 219 224 220
f 225 226 221
f 224 227 228
f 217 156 158
f 200 229 230
f 231 59 205
f 232 233 226
f 234 235 110
f 213 193 192
f 233 50 226
f 57 59 231
f 234 236 235
f 204 237 238
f 204 238 213
f 236 219 218
f 236 234 219
f 204 213 192
f 207 206 239
f 227 219 234
f 239 197 207
f 207 190 173
f 206 240 239
f 222 82 81
f 197 190 207
f 222 81 148
f 221 241 137
f 242 243 244
f 245 246 243
f 244 243 247
f 59 206 205
f 71 248 206
f 249 180 179
f 224 219 227
f 248 240 206
f 250 163 251
f 235 236 252
f 164 251 163
f 206 59 71
f 161 180 195
f 250 251 253
f 172 254 255
f 255 256 119
f 257 195 180
f 73 248 71
f 59 58 71
f 258 259 199
f 164 260 251
f 261 262 257
f 180 249 261
f 197 263 196
f 180 261 257
f 264 201 263
f 257 212 195
f 265 266 267
f 221 137 82
f 263 201 196
f 241 226 50
f 197 239 263
f 268 269 201
f 270 271 272
f 221 226 241
f 272 271 212
f 272 212 257
f 264 268 201
f 52 241 50
f 273 274 264
f 225 152 154
f 239 240 275
f 154 232 225
f 263 239 275
f 222 152 225
f 263 275 264
f 276 277 91
f 154 278 232
f 240 279 275
f 225 232 226
f 233 280 281
f 282 283 284
f 285 286 287
f 233 232 280
f 275 288 273
f 283 289 284
f 290 291 245
f 246 245 291
f 247 243 246
f 278 280 232
f 245 292 290
f 278 293 280
f 264 275 273
f 152 222 148
f 100 92 277
f 288 294 273
f 277 295 100
f 277 267 295
f 275 296 288
f 297 290 292
f 278 298 293
f 296 299 300
f 295 267 266
f 275 279 301
f 302 303 20
f 301 296 275
f 134 304 127
f 277 276 267
f 305 267 276
f 301 299 296
f 17 306 123
f 305 265 267
f 307 308 309
f 300 288 296
f 304 134 310
f 311 300 312
f 309 313 307
f 306 310 124
f 313 309 314
f 300 299 312
f 315 288 311
f 316 299 301
f 265 317 318
f 319 281 280
f 124 310 134
f 301 320 316
f 321 322 314
f 280 293 319
f 318 266 265
f 288 300 311
f 293 323 319
f 318 324 266
f 323 325 319
f 294 288 315
f 317 326 327
f 309 328 314
f 322 317 327
f 329 330 331
f 327 313 322
f 299 332 333
f 331 142 54
f 55 54 142
f 322 334 317
f 312 299 333
f 334 318 317
f 49 48 335
f 316 332 299
f 335 198 49
f 336 313 327
f 337 338 308
f 337 198 338
f 313 314 322
f 335 338 198
f 321 334 322
f 279 320 301
f 327 326 282
f 153 339 340
f 341 316 320
f 282 336 327
f 287 342 285
f 279 341 320
f 336 343 344
f 73 345 248
f 337 258 198
f 345 240 248
f 340 346 153
f 147 339 153
f 279 345 341
f 282 343 336
f 347 255 286
f 240 345 279
f 326 317 265
f 348 245 349
f 137 345 73
f 307 313 336
f 337 308 307
f 258 337 344
f 341 350 316
f 258 199 198
f 351 352 308
f 350 332 316
f 337 307 344
f 338 335 353
f 287 354 342
f 336 344 307
f 355 350 356
f 338 353 351
f 305 326 265
f 123 306 124
f 356 357 355
f 308 338 351
f 355 357 358
f 5 3 359
f 343 282 284
f 341 360 350
f 348 361 245
f 350 360 356
f 292 245 361
f 283 326 305
f 283 282 326
f 298 346 362
f 230 363 200
f 340 362 346
f 364 363 230
f 365 366 298
f 13 364 230
f 13 12 367
f 368 352 351
f 366 293 298
f 362 365 298
f 343 369 344
f 13 367 364
f 368 351 370
f 284 371 343
f 353 370 351
f 371 369 343
f 346 278 154
f 363 194 200
f 154 153 346
f 346 298 278
f 363 372 194
f 323 293 366
f 373 374 364
f 345 360 341
f 369 258 344
f 369 259 258
f 368 375 352
f 376 356 360
f 377 323 366
f 367 373 364
f 376 357 356
f 352 309 308
f 376 360 345
f 363 364 374
f 378 328 379
f 147 151 339
f 380 381 357
f 378 314 328
f 243 349 245
f 376 345 382
f 383 384 385
f 386 385 384
f 387 385 386
f 388 389 390
f 242 244 391
f 382 345 137
f 392 393 256
f 61 389 394
f 365 395 366
f 389 61 354
f 391 396 242
f 376 382 380
f 391 397 396
f 398 295 266
f 399 243 242
f 242 396 399
f 12 62 394
f 400 401 331
f 382 137 241
f 402 119 403
f 404 399 396
f 266 324 398
f 395 405 406
f 380 357 376
f 382 94 380
f 79 387 67
f 407 273 294
f 386 392 408
f 409 329 401
f 287 286 402
f 392 410 408
f 390 287 402
f 408 65 67
f 119 402 286
f 408 410 65
f 286 255 119
f 397 411 412
f 390 389 354
f 410 72 65
f 67 387 408
f 390 354 287
f 254 172 72
f 413 31 34
f 410 254 72
f 388 414 389
f 100 295 415
f 416 417 377
f 418 419 397
f 420 421 315
f 415 79 100
f 419 396 397
f 377 366 395
f 422 423 418
f 406 416 377
f 415 387 79
f 424 416 406
f 410 256 254
f 315 425 420
f 392 256 410
f 426 12 394
f 386 408 387
f 414 394 389
f 395 406 377
f 418 423 427
f 419 418 427
f 419 427 404
f 398 385 415
f 417 323 377
f 396 419 404
f 415 385 387
f 315 311 428
f 417 325 323
f 398 415 295
f 417 429 325
f 172 430 175
f 256 255 254
f 393 119 256
f 417 431 429
f 428 425 315
f 417 416 431
f 416 432 431
f 383 385 398
f 424 432 416
f 311 312 428
f 324 383 398
f 383 433 384
f 324 434 435
f 379 436 378
f 437 428 438
f 426 394 414
f 432 439 431
f 440 441 442
f 324 435 383
f 442 348 349
f 443 348 442
f 428 312 438
f 12 426 367
f 435 433 383
f 440 442 349
f 426 444 445
f 424 409 432
f 318 334 434
f 412 438 333
f 446 400 447
f 444 426 414
f 324 318 434
f 401 400 446
f 329 331 401
f 438 312 333
f 414 388 448
f 401 446 409
f 367 426 445
f 446 447 439
f 367 445 373
f 448 444 414
f 425 428 437
f 432 446 439
f 437 449 425
f 450 451 452
f 447 400 453
f 432 409 446
f 437 438 412
f 440 349 243
f 393 450 452
f 400 331 453
f 441 440 454
f 332 350 455
f 450 393 392
f 233 456 50
f 457 458 459
f 328 375 379
f 456 51 50
f 450 392 386
f 460 302 461
f 425 462 420
f 386 384 450
f 375 328 352
f 425 449 462
f 223 119 452
f 462 463 420
f 384 451 450
f 384 433 451
f 436 379 464
f 444 448 465
f 375 466 379
f 452 119 393
f 352 328 309
f 247 463 244
f 246 291 463
f 291 290 463
f 388 390 467
f 468 469 459
f 247 246 463
f 402 467 390
f 463 470 420
f 471 472 473
f 314 378 321
f 472 474 473
f 463 297 475
f 467 476 477
f 378 478 321
f 290 297 463
f 467 403 476
f 463 475 470
f 378 436 478
f 48 211 335
f 402 403 467
f 479 456 281
f 399 454 243
f 448 388 477
f 361 348 443
f 480 456 479
f 388 467 477
f 211 48 195
f 211 353 335
f 211 481 353
f 233 281 456
f 411 449 437
f 212 481 211
f 391 449 411
f 461 482 457
f 437 412 411
f 469 457 459
f 483 481 271
f 304 310 16
f 397 484 418
f 212 271 481
f 484 422 418
f 481 370 353
f 458 457 482
f 391 485 449
f 482 461 302
f 244 463 485
f 458 482 29
f 485 391 244
f 462 485 463
f 454 440 243
f 462 449 485
f 397 412 484
f 361 443 486
f 411 397 391
f 487 472 488
f 489 454 399
f 472 471 488
f 490 491 404
f 441 454 492
f 493 494 495
f 454 489 492
f 492 496 441
f 399 491 489
f 497 498 499
f 492 491 496
f 399 404 491
f 52 382 241
f 500 501 499
f 491 502 496
f 498 503 499
f 490 404 427
f 498 504 505
f 382 52 90
f 506 504 498
f 94 382 90
f 495 507 8
f 492 489 491
f 357 381 358
f 94 95 381
f 498 505 503
f 505 508 503
f 490 502 491
f 380 94 381
f 474 509 473
f 104 381 95
f 427 510 490
f 503 508 511
f 512 509 474
f 513 514 515
f 334 321 516
f 350 355 455
f 334 516 434
f 517 455 355
f 220 451 433
f 358 518 517
f 355 358 517
f 224 228 119
f 224 119 223
f 218 435 519
f 519 236 218
f 358 520 518
f 358 381 520
f 435 218 433
f 260 521 522
f 220 433 218
f 523 22 524
f 452 451 223
f 260 479 521
f 220 223 451
f 381 104 520
f 525 521 526
f 516 519 434
f 260 522 251
f 516 252 519
f 435 434 519
f 505 527 528
f 529 512 530
f 519 252 236
f 527 505 504
f 512 531 530
f 524 22 126
f 512 529 509
f 505 528 508
f 523 23 22
f 532 511 508
f 533 534 259
f 528 532 508
f 522 253 251
f 532 535 511
f 536 532 528
f 235 537 97
f 97 110 235
f 235 252 537
f 538 539 526
f 538 540 539
f 536 541 532
f 528 542 536
f 522 521 525
f 516 321 478
f 543 544 518
f 478 252 516
f 436 537 478
f 522 525 253
f 544 517 518
f 537 252 478
f 520 545 518
f 525 526 539
f 520 546 545
f 527 542 528
f 525 539 253
f 104 546 520
f 412 544 484
f 514 513 44
f 422 544 543
f 547 499 503
f 503 511 547
f 422 484 544
f 548 549 550
f 259 534 199
f 333 332 544
f 455 544 332
f 547 500 499
f 533 259 551
f 530 551 529
f 333 544 412
f 511 552 547
f 423 422 553
f 517 544 455
f 501 500 554
f 533 551 530
f 500 555 554
f 369 371 551
f 422 543 553
f 543 545 549
f 551 259 369
f 548 543 549
f 548 553 543
f 556 557 548
f 556 548 550
f 500 547 555
f 202 199 534
f 558 559 553
f 427 423 559
f 553 559 423
f 552 560 555
f 548 557 558
f 534 533 561
f 553 548 558
f 560 562 555
f 563 561 533
f 555 547 552
f 530 563 533
f 518 545 543
f 545 546 549
f 531 563 530
f 562 564 555
f 104 565 546
f 523 123 23
f 104 103 565
f 555 564 566
f 546 565 567
f 563 568 561
f 569 554 555
f 557 570 571
f 572 570 557
f 573 574 566
f 572 557 556
f 573 231 574
f 575 549 567
f 531 576 563
f 549 546 567
f 269 577 187
f 231 573 57
f 576 568 563
f 567 578 575
f 515 579 580
f 581 513 515
f 549 575 550
f 269 187 201
f 580 581 515
f 472 582 474
f 24 583 25
f 513 581 584
f 573 566 564
f 268 583 24
f 562 101 564
f 575 578 585
f 585 556 575
f 550 575 556
f 101 74 564
f 268 24 269
f 580 584 581
f 586 101 562
f 43 25 583
f 564 57 573
f 487 582 472
f 564 74 57
f 587 512 474
f 268 274 583
f 531 512 587
f 534 561 588
f 268 264 274
f 588 589 202
f 589 47 202
f 552 511 535
f 474 582 587
f 588 202 534
f 590 591 163
f 532 541 535
f 576 587 582
f 274 592 583
f 561 568 588
f 535 560 552
f 514 43 592
f 593 560 535
f 163 591 594
f 593 586 562
f 595 521 479
f 589 596 47
f 596 161 47
f 593 562 560
f 597 595 325
f 594 125 163
f 597 521 595
f 102 101 586
f 43 583 592
f 126 19 10
f 521 597 526
f 281 595 479
f 593 598 586
f 594 19 126
f 43 514 44
f 599 586 598
f 594 126 125
f 596 600 179
f 535 541 593
f 595 319 325
f 179 161 596
f 541 598 593
f 600 601 602
f 600 596 601
f 597 603 526
f 281 319 595
f 589 601 596
f 273 407 604
f 8 493 495
f 599 598 605
f 588 601 589
f 599 108 102
f 582 487 606
f 102 586 599
f 531 587 576
f 126 10 524
f 591 30 594
f 594 30 19
f 429 597 325
f 601 607 602
f 315 407 294
f 608 601 568
f 609 602 607
f 580 579 610
f 540 611 612
f 203 613 204
f 614 615 616
f 203 615 613
f 614 613 615
f 606 617 618
f 315 421 407
f 542 613 614
f 30 591 590
f 588 568 601
f 614 536 542
f 619 604 620
f 621 622 608
f 576 582 606
f 618 576 606
f 618 623 576
f 608 622 624
f 615 625 616
f 626 541 536
f 627 628 498
f 536 614 626
f 614 616 626
f 604 407 629
f 277 92 91
f 616 605 626
f 630 515 514
f 626 605 598
f 627 498 497
f 630 514 631
f 598 541 626
f 629 407 421
f 27 632 28
f 616 633 605
f 623 622 621
f 625 634 633
f 628 618 498
f 635 619 620
f 91 636 637
f 616 625 633
f 638 619 635
f 618 628 623
f 250 253 612
f 91 93 636
f 185 108 599
f 620 639 635
f 623 628 622
f 93 133 636
f 599 605 185
f 470 421 420
f 640 283 305
f 579 515 630
f 289 283 640
f 623 621 576
f 620 641 470
f 610 584 580
f 568 576 621
f 584 610 642
f 605 633 185
f 621 608 568
f 620 470 639
f 185 633 151
f 639 638 635
f 276 640 305
f 499 501 497
f 641 620 604
f 28 632 643
f 119 331 403
f 142 331 119
f 644 192 194
f 289 645 284
f 624 607 601
f 163 250 590
f 624 646 607
f 645 371 284
f 194 372 644
f 601 608 624
f 470 629 421
f 641 629 470
f 629 641 604
f 622 628 627
f 632 250 612
f 192 644 203
f 27 590 632
f 632 590 250
f 647 615 203
f 648 640 637
f 625 615 647
f 627 649 622
f 276 637 640
f 644 647 203
f 363 374 372
f 650 610 579
f 648 289 640
f 374 373 651
f 585 652 556
f 372 653 654
f 631 619 630
f 276 91 637
f 604 274 273
f 655 610 650
f 656 652 585
f 372 374 653
f 612 643 632
f 592 619 514
f 644 654 647
f 610 655 460
f 619 631 514
f 644 372 654
f 657 303 460
f 303 302 460
f 646 649 658
f 619 592 604
f 659 565 660
f 657 460 655
f 274 604 592
f 661 660 565
f 657 655 493
f 567 565 659
f 105 51 662
f 651 653 374
f 565 103 661
f 289 648 663
f 659 578 567
f 663 645 289
f 663 509 645
f 132 642 664
f 578 659 585
f 611 643 612
f 539 540 612
f 665 585 659
f 497 649 627
f 139 138 183
f 183 666 158
f 663 473 509
f 612 253 539
f 622 646 624
f 667 42 41
f 646 622 649
f 668 669 654
f 646 670 607
f 646 658 670
f 668 654 653
f 249 179 600
f 669 625 647
f 647 654 669
f 651 671 653
f 672 667 611
f 673 611 667
f 665 674 675
f 671 668 653
f 656 585 675
f 611 673 643
f 217 158 666
f 665 675 585
f 666 676 217
f 174 140 122
f 677 678 668
f 642 513 584
f 340 678 677
f 77 44 513
f 678 669 668
f 77 513 132
f 642 132 513
f 642 679 664
f 680 679 681
f 151 634 339
f 682 683 572
f 572 556 682
f 151 633 634
f 461 681 679
f 634 678 339
f 461 457 681
f 678 634 669
f 460 461 679
f 669 634 625
f 668 671 677
f 610 460 679
f 683 684 572
f 677 671 685
f 679 642 610
f 686 687 457
f 688 133 136
f 457 469 686
f 689 690 559
f 685 365 362
f 687 681 457
f 678 340 339
f 558 689 559
f 677 362 340
f 691 249 600
f 692 648 693
f 691 600 602
f 469 694 695
f 685 362 677
f 693 696 692
f 693 697 696
f 637 693 648
f 637 636 693
f 698 448 477
f 697 693 636
f 557 699 558
f 476 700 477
f 133 697 636
f 473 692 471
f 330 700 331
f 403 331 476
f 473 663 692
f 373 445 701
f 689 558 699
f 696 471 692
f 373 701 651
f 702 701 445
f 663 648 692
f 445 444 702
f 702 703 701
f 697 704 696
f 705 706 691
f 704 707 696
f 444 465 702
f 249 691 706
f 448 698 465
f 706 261 249
f 707 704 708
f 700 698 477
f 709 710 666
f 688 704 697
f 691 602 705
f 680 132 664
f 465 698 711
f 174 132 680
f 122 132 174
f 699 557 571
f 570 684 571
f 133 688 697
f 680 664 679
f 471 707 488
f 687 138 174
f 471 696 707
f 712 702 465
f 138 687 686
f 572 684 570
f 651 701 713
f 701 703 713
f 652 714 682
f 713 671 651
f 371 529 551
f 652 656 714
f 709 666 183
f 645 529 371
f 703 702 712
f 509 529 645
f 715 695 183
f 716 705 609
f 538 717 718
f 685 671 713
f 602 609 705
f 538 719 540
f 713 720 685
f 538 718 719
f 138 715 183
f 713 703 720
f 686 715 138
f 719 611 540
f 721 722 718
f 365 685 720
f 262 272 257
f 720 395 365
f 723 262 182
f 718 724 719
f 695 694 725
f 405 395 720
f 719 672 611
f 703 405 720
f 725 709 183
f 724 722 726
f 262 706 182
f 727 405 712
f 262 261 706
f 712 405 703
f 168 723 182
f 406 405 727
f 727 424 406
f 270 272 723
f 718 722 724
f 723 272 262
f 694 728 725
f 705 729 706
f 728 730 731
f 719 724 672
f 725 183 695
f 722 732 726
f 329 409 733
f 734 729 716
f 409 424 733
f 705 716 729
f 424 727 733
f 700 476 331
f 735 709 731
f 465 711 712
f 736 729 734
f 736 182 729
f 330 698 700
f 698 330 711
f 182 706 729
f 727 712 711
f 711 733 727
f 330 733 711
f 728 709 725
f 330 329 733
f 736 173 182
f 234 110 111
f 728 731 709
f 210 173 736
f 721 737 738
f 227 234 111
f 738 739 740
f 111 86 227
f 86 228 227
f 741 649 497
f 89 228 86
f 501 741 497
f 483 271 742
f 741 658 649
f 142 216 743
f 744 142 743
f 609 607 670
f 483 742 745
f 270 723 168
f 170 270 168
f 670 716 609
f 270 742 271
f 676 216 217
f 597 429 603
f 676 743 216
f 742 170 186
f 174 680 687
f 270 170 742
f 746 717 603
f 741 501 554
f 745 186 577
f 687 680 681
f 742 186 745
f 603 538 526
f 469 695 715
f 741 554 569
f 603 717 538
f 734 670 747
f 734 716 670
f 686 469 715
f 187 577 186
f 429 746 603
f 670 658 747
f 658 748 747
f 429 431 746
f 749 750 751
f 361 486 752
f 431 439 746
f 658 741 748
f 466 750 749
f 361 752 292
f 753 751 750
f 574 754 747
f 755 756 757
f 755 757 297
f 755 297 292
f 737 721 758
f 718 717 758
f 755 752 759
f 758 721 718
f 760 464 761
f 717 762 758
f 748 574 747
f 763 730 694
f 734 747 764
f 741 569 748
f 717 746 762
f 468 694 469
f 97 537 765
f 694 730 728
f 436 765 537
f 555 566 569
f 439 762 746
f 439 447 762
f 764 736 734
f 466 464 379
f 754 764 747
f 210 754 208
f 436 464 765
f 730 763 766
f 764 754 210
f 738 737 739
f 736 764 210
f 752 755 292
f 205 208 754
f 757 756 475
f 569 574 748
f 368 753 750
f 767 768 453
f 767 737 768
f 682 556 652
f 468 769 694
f 750 375 368
f 475 297 757
f 767 739 737
f 758 768 737
f 768 758 762
f 375 750 466
f 768 447 453
f 447 768 762
f 413 763 694
f 464 760 765
f 694 769 413
f 740 739 331
f 739 767 331
f 453 331 767
f 760 98 765
f 566 574 569
f 619 638 630
f 98 97 765
f 754 574 231
f 466 761 464
f 231 205 754
f 639 475 756
f 228 89 119
f 770 135 128
f 730 766 771
f 721 772 722
f 771 766 37
f 756 773 639
f 714 683 682
f 749 751 774
f 470 475 639
f 674 775 675
f 775 714 656
f 749 761 466
f 776 42 667
f 775 656 675
f 773 756 777
f 755 777 756
f 33 760 761
f 672 776 667
f 579 773 759
f 37 735 778
f 776 779 42
f 777 759 773
f 777 755 759
f 780 781 441
f 753 368 370
f 752 782 759
f 781 442 441
f 759 782 579
f 745 753 483
f 780 441 496
f 753 370 483
f 722 772 732
f 783 784 710
f 442 785 443
f 666 710 676
f 710 786 676
f 370 481 483
f 753 745 751
f 778 735 731
f 738 787 772
f 721 738 772
f 778 731 730
f 778 730 771
f 577 774 751
f 442 781 785
f 735 710 709
f 745 577 751
f 37 778 771
f 752 486 782
f 788 732 772
f 710 735 783
f 774 577 269
f 650 579 782
f 763 34 766
f 269 24 774
f 413 34 763
f 788 772 789
f 770 128 129
f 24 26 774
f 129 790 770
f 783 735 37
f 791 96 98
f 129 131 790
f 792 788 793
f 69 791 98
f 638 773 579
f 724 726 672
f 135 794 136
f 792 672 726
f 34 37 766
f 630 638 579
f 795 135 770
f 773 638 639
f 726 732 792
f 760 69 98
f 135 795 794
f 783 37 53
f 33 69 760
f 114 96 791
f 788 792 732
f 794 796 136
f 55 797 35
f 36 35 797
f 784 36 798
f 665 799 800
f 69 68 791
f 796 688 136
f 68 76 791
f 672 779 776
f 53 36 784
f 791 76 114
f 672 792 779
f 784 783 53
f 793 779 792
f 743 786 744
f 795 60 794
f 789 772 787
f 800 801 665
f 774 26 749
f 786 743 676
f 800 802 801
f 786 784 798
f 797 744 798
f 26 761 749
f 803 61 60
f 33 761 26
f 786 798 744
f 710 784 786
f 787 804 789
f 674 665 801
f 26 25 33
f 787 740 805
f 191 806 131
f 787 738 740
f 490 807 502
f 805 808 804
f 209 806 191
f 142 744 797
f 805 804 787
f 798 36 797
f 808 805 331
f 740 331 805
f 790 131 806
f 797 55 142
f 808 38 46
f 14 166 165
f 331 54 808
f 38 808 54
f 209 809 806
f 810 788 789
f 510 811 812
f 789 804 46
f 804 808 46
f 673 667 41
f 811 510 427
f 790 813 770
f 809 814 806
f 6 815 816
f 813 795 770
f 806 814 790
f 41 28 673
f 790 814 813
f 42 779 40
f 779 793 40
f 793 788 40
f 810 45 40
f 285 809 347
f 788 810 40
f 814 809 285
f 810 789 46
f 810 46 45
f 803 795 813
f 490 510 807
f 189 177 188
f 510 812 807
f 812 817 807
f 188 175 430
f 255 818 172
f 178 189 188
f 188 819 178
f 819 209 181
f 181 178 819
f 819 820 209
f 820 809 209
f 188 430 819
f 819 430 820
f 821 822 3
f 659 660 665
f 660 799 665
f 822 823 3
f 780 496 824
f 661 799 660
f 430 172 818
f 781 780 825
f 347 809 820
f 825 785 781
f 285 342 814
f 824 496 502
f 818 347 820
f 820 430 818
f 803 60 795
f 167 166 826
f 5 359 827
f 167 785 825
f 342 803 813
f 813 814 342
f 347 286 285
f 165 167 825
f 14 165 828
f 780 815 825
f 818 255 347
f 661 103 829
f 828 165 825
f 803 354 61
f 803 342 354
f 828 825 815
f 6 816 4
f 829 105 662
f 824 830 780
f 800 831 832
f 487 833 834
f 487 488 833
f 834 835 836
f 832 837 800
f 6 828 815
f 833 835 834
f 838 837 832
f 829 662 838
f 816 780 830
f 799 831 800
f 214 839 835
f 830 840 816
f 831 799 661
f 214 213 839
f 123 523 17
f 815 780 816
f 661 829 831
f 838 832 831
f 841 836 842
f 834 836 617
f 617 606 834
f 841 617 836
f 841 618 617
f 800 837 802
f 834 606 487
f 839 842 836
f 15 5 121
f 827 83 5
f 843 1 4
f 238 844 842
f 838 831 829
f 845 1 843
f 839 238 842
f 5 83 85
f 846 2 1
f 836 835 839
f 824 502 843
f 506 841 842
f 829 56 105
f 842 844 506
f 166 14 9
f 56 829 103
f 51 847 662
f 839 213 238
f 166 9 826
f 846 502 807
f 507 9 8
f 618 841 506
f 846 817 2
f 9 507 826
f 14 828 6
f 2 817 848
f 506 498 618
f 21 849 162
f 115 775 674
f 844 504 506
f 802 115 801
f 527 504 844
f 848 817 812
f 674 801 115
f 802 837 849
f 811 848 812
f 802 849 115
f 7 2 848
f 850 849 837
f 39 775 115
f 237 204 613
f 811 7 848
f 21 115 849
f 1 845 846
f 237 844 238
f 527 844 237
f 817 846 807
f 527 237 542
f 613 542 237
f 840 4 816
f 306 17 16
f 306 16 310
f 688 796 851
f 662 850 838
f 51 456 847
f 843 502 845
f 304 16 15
f 852 796 150
f 121 127 15
f 15 127 304
f 824 840 830
f 824 843 840
f 796 794 150
f 837 838 850
f 840 843 4
f 60 150 794
f 821 3 7
f 85 121 5
f 704 688 851
f 851 708 704
f 18 657 493
f 849 850 162
f 853 708 851
f 18 20 657
f 850 164 162
f 854 822 821
f 488 707 855
f 845 502 846
f 657 20 303
f 856 164 850
f 821 811 857
f 833 488 855
f 821 7 811
f 855 707 708
f 164 858 260
f 811 427 857
f 855 859 860
f 458 29 31
f 31 413 769
f 559 857 427
f 858 164 856
f 468 31 769
f 689 854 690
f 708 859 855
f 468 459 31
f 854 857 690
f 852 851 796
f 853 859 708
f 18 493 8
f 861 856 850
f 850 662 862
f 3 823 359
f 852 853 851
f 854 823 822
f 823 854 863
f 852 864 853
f 852 150 11
f 662 847 862
f 852 11 864
f 827 359 823
f 847 456 861
f 863 827 823
f 17 523 10
f 214 835 860
f 523 524 10
f 860 835 833
f 590 27 30
f 833 855 860
f 865 214 860
f 857 559 690
f 862 847 861
f 31 459 458
f 571 863 699
f 854 821 857
f 862 861 850
f 13 230 864
f 20 29 302
f 230 229 864
f 13 864 11
f 866 867 684
f 29 482 302
f 480 861 456
f 28 643 673
f 229 859 853
f 229 853 864
f 479 858 480
f 866 120 867
f 858 479 260
f 683 866 684
f 193 214 865
f 200 193 865
f 480 858 856
f 863 854 689
f 200 865 229
f 861 480 856
f 868 167 826
f 689 699 863
f 860 859 865
f 869 443 785
f 863 571 684
f 443 869 486
f 859 229 865
f 867 863 684
f 782 870 650
f 494 655 650
f 494 493 655
f 867 84 83
f 870 494 650
f 868 870 869
f 167 869 785
f 394 62 61
f 83 827 867
f 868 494 870
f 495 494 868
f 868 507 495
f 11 62 12
f 867 827 863
f 826 507 868
f 868 869 167
f 869 870 486
f 782 486 870
f 120 84 867
f 141 866 683
f 141 120 866
f 683 714 141
f 714 143 141
f 775 143 714
f 143 775 39
f 143 134 141
s off
